299
-737
936
-685
-59
-26
-81
326
154
722
-555
564
-734
579
-315
-693
408
850
892
-552
341
287
92
-131
937
-983
-313
-551
-144
-628
511
266
-745
858
821
852
977
-948
-217
-60
586
263
-678
127
245
898
-649
-867
-343
-28
955
-291
265
529
-804
743
-953
476
177
-598
-59
291
-375
537
445
636
-267
-882
593
-158
-252
51
-400
302
-826
399
-531
-839
-345
476
-781
352
-34
615
-647
947
-396
576
978
-379
32
-403
248
-936
-729
653
603
728
484
324
314
-296
-64
-612
-702
-336
101
142
-23
577
-691
-736
-655
3
-256
-833
579
720
-694
437
889
335
394
610
-660
775
-656
363
-127
-855
-540
341
932
218
-655
291
-512
-265
179
999
592
102
-743
-171
469
429
-967
-128
729
-314
904
110
527
52
-249
-249
540
-522
-695
827
-663
741
847
-602
438
-18
592
334
796
597
-302
-3
-173
747
913
456
831
600
-594
283
344
37
923
181
-619
-673
72
-100
-991
258
-668
279
239
-926
517
-624
-280
-466
-701
-713
753
408
-458
776
882
-41
487
-938
518
859
-378
-590
851
184
-494
307
971
299
-758
-93
897
-344
621
-239
-382
-939
958
-541
-879
657
947
253
423
161
714
836
763
736
-798
-585
-718
-993
455
917
76
796
62
909
216
-515
-299
919
-289
-385
-990
666
-208
152
-84
100
895
68
43
-66
-239
891
-305
-851
302
-782
640
-912
-704
-206
601
304
216
908
717
-73
-637
-769
-516
127
-217
-513
858
142
-395
-495
558
798
624
339
523
137
534
-757
-878
585
857
-218
60
-357
12
-711
-224
-242
-921
487
-146
-780
-340
-627
982
881
235
-675
-139
-213
662
-89
-207
491
-77
708
278
923
-203
-351
-755
-37
-802
-123
393
113
-260
639
-57
-442
433
-715
-830
322
-785
828
-172
-875
-79
-359
-620
-187
943
-431
794
133
-841
-973
404
946
-149
118
-44
496
-691
-323
-54
-34
-916
60
-309
266
-885
-742
-301
118
-472
475
945
741
-728
309
268
-84
445
-944
67
475
548
-546
539
-81
-48
-80
-813
288
512
983
-966
-419
-132
-473
-655
-589
-646
-307
-132
827
-261
-121
134
-636
526
851
281
-682
-778
982
964
484
-775
-184
304
-426
-880
691
-101
-729
634
279
-457
811
-714
585
443
-723
-573
975
-257
294
-310
-736
773
154
-639
958
-894
562
878
66
-674
928
-174
-329
256
-713
768
-372
-644
610
330
609
-84
999
-666
-343
-169
-452
-254
-503
382
-762
329
507
135
-919
-509
-353
719
197
331
-306
-289
-457
-409
-868
-59
-763
686
258
533
506
-930
-324
-528
-947
-692
-907
34
258
809
-611
78
-722
167
773
779
638
616
896
413
-111
607
718
-488
693
-981
517
-920
452
-417
468
101
-301
-700
713
702
-349
-143
-513
-656
-268
-394
448
-180
101
-922
-876
-27
-90
-951
-608
723
-152
-206
19
558
-935
963
18
-132
-221
-776
-786
-232
91
777
502
-107
130
-119
390
974
714
749
-40
51
153
511
-779
-325
-661
-71
717
-881
-450
-376
885
573
-822
991
-426
-492
-9
60
961
-126
-547
587
528
368
-92
-288
-759
754
219
672
832
433
-169
838
450
55
-794
249
294
-264
975
107
-368
-704
695
-740
-72
-662
-254
-78
-66
-549
-544
-838
-589
671
-234
66
704
-523
797
556
-379
676
-162
871
772
-346
541
-714
-517
778
141
-461
-888
-859
264
968
703
385
-40
-160
900
434
138
764
-747
-286
-120
820
320
-69
640
862
704
-495
516
750
770
-34
-768
-475
87
-850
69
-544
-886
-84
-523
-785
-1
304
-739
-531
80
990
230
382
-984
-631
-65
-2
257
568
438
619
-593
166
315
-548
-673
462
153
-959
226
-686
5
-191
126
107
715
924
-919
65
-139
-341
-847
-995
926
882
-46
549
596
900
-236
-349
276
167
219
-298
343
-186
-310
817
999
829
852
108
815
-333
-316
61
-566
-765
-737
-847
-990
-431
205
182
239
552
-884
-31
-113
-698
890
17
902
-370
379
775
-928
110
-821
801
343
907
-127
300
-659
349
735
995
-219
791
526
287
-847
319
-264
-891
907
-603
171
163
554
-481
-111
-2
19
-945
-744
326
134
-108
535
590
-767
-746
-54
-753
-442
162
603
-576
795
977
-260
53
729
635
-910
3
-799
-354
454
451
-79
263
212
-110
50
-307
103
91
-341
-971
370
-597
-701
-150
-953
-705
858
744
417
-566
-823
4
489
-937
750
510
847
624
-383
489
443
-272
105
559
546
552
90
-640
721
-715
455
625
-495
742
-283
309
515
954
936
605
66
-346
702
209
261
599
733
-137
-852
-431
-573
-563
-559
979
-964
-766
435
-50
880
-45
-956
-276
-682
-352
168
-357
-933
-439
-935
543
372
859
-183
-385
-268
307
-714
597
-764
967
91
868
291
426
311
-813
-861
-212
537
526
806
486
679
-865
745
-799
983
85
151
112
653
-121
-84
-530
231
923
984
-48
-756
237
340
-691
-821
751
343
-178
-760
-747
-431
617
-799
703
-724
932
380
708
10
-152
-506
-742
644
-103
778
958
880
935
-422
539
-526
260
-599
646
-998
-223
-955
891
994
228
930
951
-370
-98
231
284
-825
664
454
30
-780
191
-282
173
548
-561
-540
428
494
-139
-374
468
-793
297
-979
-345
-227
-613
196
-469
461
-781
-178
644
848
920
551
502
-228
436
-640
-270
-893
382
-9
444
-68
836
-177
-210
314
-562
300
148
995
84
-984
-530
-484
-237
900
-706
-711
-845
-47
890
-140
-11
209
750
-938
132
777
415
820
-185
-321
-379
875
-768
948
76
-205
463
792
767
-521
-642
448
-58
207
-595
220
-968
-428
843
-654
-114
-640
-56
447
551
-136
845
858
-999
753
-785
-300
264
-552
-540
-587
413
163
-539
-227
-590
-478
843
726
691
-121
-548
17
139
861
378
-161
418
-570
-502
-890
865
-200
316
-2
489
20
-639
721
-134
544
-648
135
510
540
738
115
9
969
715
392
-973
161
-236
-507
-778
-794
-251
567
-25
-861
-709
-842
-192
447
-502
-536
311
-106
574
668
588
346
873
114
731
603
825
-575
-776
885
161
-394
-492
299
975
-198
217
-308
665
456
399
-810
879
-599
129
912
-745
186
88
229
-124
-367
513
-122
-277
469
-435
919
89
277
122
628
-53
99
450
-101
-910
-454
940
405
503
-955
93
273
11
848
-122
-870
-416
-478
867
725
43
-591
-90
956
-534
540
725
-968
-284
802
809
719
993
-271
242
530
-321
456
-179
60
34
-187
692
-175
355
999
-932
-90
512
-969
411
-643
249
240
-877
622
-875
90
-709
747
-386
-341
-327
331
173
-906
-185
-448
-950
-884
633
552
696
-420
948
334
11
842
-623
-507
-183
-955
991
427
721
-147
-232
-515
-46
-233
998
-646
282
880
-577
-83
-606
747
272
-515
-418
546
-10
856
56
951
-173
-374
941
-318
199
-983
-337
383
278
-605
-474
725
-463
-89
503
108
-838
-988
198
-897
627
589
883
842
823
-246
9
149
-736
-341
842
-350
-169
-388
99
-309
-588
-450
-309
-986
796
975
955
254
494
5
-570
613
-283
917
709
-340
990
-635
523
105
-47
-11
-748
763
-712
93
13
-69
180
943
-618
318
-487
861
-604
-380
-615
-882
318
539
-861
228
15
835
-898
170
-739
-877
22
929
276
194
-433
-134
631
40
395
941
995
144
-372
352
-428
4
615
-987
-342
819
-725
960
519
470
378
120
-653
429
-942
654
-633
-913
-50
855
623
916
707
498
-44
689
223
779
232
-950
411
-600
-553
326
997
667
938
230
300
-310
-106
-735
-455
-63
942
280
-517
273
386
622
-229
693
866
451
-726
587
50
-838
345
262
436
745
868
-161
386
800
-89
-982
-126
-550
10
282
-1000
-244
-807
647
-133
490
77
-765
449
95
176
-638
-922
238
731
-258
930
-506
941
414
-294
943
976
-217
447
-763
-136
-176
820
-660
-290
614
856
-312
96
-552
-618
-133
714
774
-196
442
-551
845
-933
382
-711
50
712
-644
-539
-229
-508
88
-386
250
442
604
240
-230
959
278
-686
1
-66
-703
805
24
-646
-319
136
759
127
336
-222
770
-372
115
89
-167
978
-636
195
-543
294
341
363
-866
845
471
241
62
109
590
180
425
812
123
-546
99
-940
-274
816
-590
763
213
-70
-400
-369
-806
40
145
639
394
-188
-873
-153
-320
901
13
656
-51
-254
-468
-375
-582
-435
256
599
502
341
-981
777
-888
910
-435
-618
-742
133
-469
-47
-722
226
108
588
882
480
401
-81
786
989
-202
396
-275
-664
-514
925
-394
761
-683
-958
262
73
150
-868
-220
-304
454
-485
331
678
638
410
915
253
216
899
-505
-128
935
-57
468
-277
-931
63
646
-564
282
-262
-490
-846
958
-630
83
-471
-22
-227
-860
244
611
-340
178
151
441
512
-57
164
-600
-75
226
-355
533
933
89
113
691
-105
-938
859
598
-287
156
285
-550
-643
113
-288
314
-619
-123
568
-367
-270
842
190
774
347
-302
-27
-495
945
-819
-879
-718
787
826
502
-336
482
-18
955
-23
-505
646
19
-992
-149
-522
-522
894
423
351
59
842
-195
212
-196
482
-16
-546
465
-451
988
455
577
378
396
-265
347
-309
811
304
582
-759
986
-671
-80
-476
617
395
-404
750
-253
-65
-904
-909
309
-437
-890
-747
731
-717
831
13
-103
-546
-268
955
646
-514
-647
868
860
-229
-504
37
-102
689
611
-87
-158
-28
539
244
747
-155
-397
239
522
77
133
731
465
-686
-268
-376
845
260
926
887
-734
9
401
229
80
-19
414
403
785
-500
-324
-628
631
863
-718
-321
850
286
145
989
-668
-2
-391
540
-937
-302
-72
182
-300
-576
-234
-379
464
931
107
-329
793
964
471
932
949
-571
344
-657
-899
368
-339
682
-751
365
686
-939
205
418
-746
544
745
486
-883
-544
-936
450
-811
-398
-912
-988
-755
159
382
859
165
-766
90
292
801
-858
323
-507
-508
697
269
-78
-135
-209
413
-813
-546
-415
800
803
140
-606
924
18
857
-115
917
692
19
-65
-770
-439
-720
-757
-220
294
-500
-506
-473
-4
63
188
791
299
147
-855
377
871
-321
-181
-60
681
-549
-38
-35
-613
860
-804
724
548
937
-323
603
260
-700
217
-531
257
-361
-346
-933
485
104
-274
-309
-932
863
-99
683
-760
671
511
485
985
961
135
148
-45
457
818
-729
730
87
-247
-388
-504
-794
-654
393
951
-785
-839
-187
196
-740
-967
-838
-344
-873
370
-537
202
-339
420
-845
-723
381
-186
49
739
863
-364
386
-368
109
63
624
-244
-673
436
-986
643
628
963
-902
665
643
498
-401
934
-530
-598
759
-809
943
608
982
293
303
-451
864
8
630
-75
542
747
520
-626
-82
725
369
257
-74
-750
989
412
23
449
635
708
517
794
402
106
-191
965
-505
-954
104
951
169
-818
-940
927
-211
-62
-851
638
-243
-51
994
460
-139
671
276
-548
935
986
296
-213
160
696
-442
-335
234
905
-196
126
-62
-899
-38
-431
970
881
612
-759
-264
-723
167
-724
54
-894
-774
936
984
860
655
-337
847
313
161
-629
-252
-192
391
-602
41
244
-624
695
-661
-935
181
202
962
-569
-34
-329
-451
683
-701
-225
-869
438
296
428
-160
572
361
-223
618
900
334
-528
225
691
-977
285
-920
-170
430
477
-318
84
-91
-352
-412
550
-728
589
-931
642
-30
187
-679
363
9
274
-804
112
397
925
921
164
489
95
968
-375
317
534
178
875
-436
559
61
-279
-186
-903
666
-829
7
-452
298
103
-904
-30
600
-269
786
-396
421
788
-214
-881
-366
998
556
1000
-250
-341
261
869
330
-610
927
-155
-564
86
255
952
-642
-790
96
-185
69
-906
972
-707
142
-431
-197
-798
-76
97
30
266
-61
685
-151
-284
-926
-225
53
-497
244
-356
-303
-984
348
-604
-246
-868
851
649
-839
730
-420
141
-130
160
-953
889
396
-793
560
858
841
131
101
-362
-347
-394
641
-450
871
496
203
-269
-212
-500
-891
955
-69
220
-627
-74
45
-355
154
963
355
507
622
642
-595
-259
-735
393
612
950
375
725
178
-73
344
131
-606
-336
220
831
105
-955
-722
-380
253
-145
-466
-304
-426
-764
497
294
518
410
-891
531
501
-309
-360
766
222
-177
263
-794
251
788
345
674
-79
-603
-728
-178
-845
-45
-739
-614
-800
-898
-340
-423
434
125
-781
487
-908
701
284
-828
463
934
-880
-161
-364
-201
288
-555
851
593
877
-984
-58
-637
-727
728
-809
-920
-55
476
463
-421
-222
-87
440
-183
-373
-73
962
610
311
23
769
-425
305
665
968
-131
-172
904
888
871
91
485
58
-225
-573
397
-842
-250
-570
186
-320
993
-793
817
160
369
220
-989
139
-912
361
-505
965
896
-137
-435
828
584
-363
278
-774
-890
-819
-807
203
-466
450
-122
-254
-385
-125
-580
357
-260
-115
181
-283
385
-376
-74
-570
-168
567
-772
680
303
-942
-667
-550
-119
267
188
913
-496
655
-727
-420
-528
-829
242
521
658
830
-851
295
-835
-782
351
489
-637
780
-246
763
247
-129
971
-641
552
-554
159
-772
-760
-284
275
347
-915
671
-796
-954
292
265
886
770
-999
987
877
-73
-492
-66
657
18
811
507
874
-773
-241
-105
-162
154
-256
481
836
586
585
-184
-200
117
818
-269
-614
121
357
-674
469
-288
465
424
551
483
-481
-799
-264
137
204
-43
758
938
216
987
-274
159
306
-525
-259
-763
-579
-512
-848
336
145
318
-509
-510
896
64
-127
-476
-922
67
-960
34
786
1000
-827
-569
301
-444
984
954
697
800
638
959
410
-75
379
842
-480
545
515
410
-965
394
-548
-233
-691
470
-535
-12
50
979
-126
512
-565
-328
372
909
670
-775
13
-399
-56
278
604
-699
407
859
65
-55
517
-79
-573
-541
690
657
-263
-953
271
908
241
-121
-609
763
209
492
198
714
324
-361
909
-340
116
701
-970
51
-135
-168
-868
348
-979
-669
290
978
792
-438
828
-78
-544
460
-720
-475
833
-663
-998
808
-361
671
985
-357
749
677
-674
840
-327
-883
696
926
656
468
-536
-231
-795
931
-941
274
-125
-317
-629
-798
-798
421
-719
-405
198
146
16
-274
463
-393
367
-350
-35
110
-116
-941
-723
-972
-706
-889
-143
-293
148
616
-263
-879
726
-143
-452
-837
-942
81
-699
-566
276
605
-330
-229
581
929
402
764
-949
-841
-589
-533
358
320
-674
100
46
541
156
427
-496
-884
-428
763
-616
46
431
-30
-27
-976
-804
-699
400
978
-765
774
244
-884
224
358
-238
163
-456
431
-546
-236
-199
-908
-144
97
-238
-876
-534
344
-570
385
-815
522
-106
318
828
-805
318
-883
-30
-998
-534
904
-399
-299
38
-269
598
776
-454
-974
280
-334
491
424
-305
462
174
-270
268
92
532
208
470
-434
-241
102
-689
444
-447
-177
-985
-728
-75
391
-392
-643
-253
-10
-58
594
-578
-581
-199
74
-907
-111
-451
844
391
-391
-743
830
529
-842
-345
-9
-68
-310
186
-890
-204
542
-184
-811
-489
393
-112
-605
-141
474
-556
-959
-946
-969
989
218
484
130
-203
146
-693
-803
-442
578
-26
-889
435
-940
-634
-307
852
70
838
844
-375
241
-83
532
-274
-319
-175
712
-717
668
483
296
-572
36
623
956
138
-524
694
-504
-65
-429
-732
379
-970
759
883
342
263
-319
602
929
-279
-768
-504
660
-735
84
-737
951
273
632
619
-231
-821
-451
-102
710
-299
947
-553
-944
171
-217
195
756
647
-594
674
195
-434
726
-810
652
-838
402
-182
449
740
-306
688
984
-534
-424
537
-356
-734
395
221
-430
766
391
-339
724
-954
-290
452
-978
-788
-125
187
-60
570
880
-87
-138
-478
-280
-801
-801
-223
895
-427
-892
-354
197
714
-362
267
441
-967
404
-737
-872
65
-172
-510
603
-48
-36
-371
836
511
-140
537
505
590
-318
764
575
-555
58
717
531
-35
-202
940
-125
992
-951
559
467
-207
804
-493
-409
-234
-175
-508
93
213
-324
782
792
-855
331
-163
117
787
560
-102
-94
44
-576
-341
-614
-645
-653
-658
-640
-130
31
-40
990
194
237
-7
239
531
340
290
-426
-438
-711
898
-97
-989
-782
944
677
-493
582
-628
685
960
-158
-377
366
834
-228
-663
-459
-1000
165
690
558
-726
806
-297
-582
148
-259
409
426
-769
194
-225
277
-405
-589
-656
-997
119
217
-345
149
-441
913
19
-50
-966
-986
822
-951
32
-305
193
82
851
917
-172
286
240
-259
-980
-900
-477
-917
-140
542
660
313
-914
360
201
833
-646
-895
-6
-310
-752
-576
123
-918
-758
329
801
442
711
-943
-326
7
476
327
442
860
436
-888
318
-120
63
175
-616
-298
657
-674
219
956
-269
-218
-714
-74
-543
-15
-979
728
369
-799
533
57
867
-686
-824
776
-913
968
-328
558
798
-676
-13
689
-311
117
-588
39
353
-878
-544
-843
-644
-752
-348
374
-291
-988
816
298
468
371
-369
297
-120
-479
-835
-887
473
-355
-580
979
-778
61
-902
363
-65
322
305
504
-28
-740
712
-308
-407
52
-346
468
-227
345
718
40
-270
515
268
823
797
-43
-581
-922
402
-858
-220
431
899
-169
-512
-806
-411
-140
838
617
15
-671
-424
-988
628
588
197
754
-184
334
-952
971
952
-261
-286
-228
-971
-618
678
577
-135
361
377
86
-690
-48
-518
365
-476
55
232
50
21
-661
-932
245
-643
408
856
-746
93
-85
-865
-605
981
896
877
50
166
-134
384
51
-274
-857
184
142
543
175
-215
-897
-30
786
272
-469
188
-394
-567
870
-899
-408
-104
125
-737
80
855
471
298
955
-30
90
-762
236
669
152
346
-427
-588
-995
308
-315
242
-322
-192
548
471
-367
-159
-379
695
428
115
714
134
42
241
-386
-843
-833
807
-914
-314
530
-696
-343
-135
-936
-963
289
-530
121
-898
-823
396
-676
-314
709
-634
-900
-713
-100
947
-290
35
562
-646
889
208
-931
799
427
254
-833
-765
-563
699
-2
630
362
392
42
288
401
143
-327
-87
-464
-950
529
-615
-675
-197
-928
302
395
-531
551
-74
-647
666
173
-310
-697
-599
500
394
-466
-445
-848
870
-433
-659
445
502
72
-677
-602
202
827
-254
-814
653
-709
-479
922
-364
549
-397
329
395
-691
197
541
-874
132
626
607
-529
169
-406
158
-236
256
768
565
258
759
221
-896
848
239
-624
462
-943
-570
396
-579
566
-585
244
785
-457
255
-549
954
-1
943
-830
512
-767
803
-935
798
-521
-73
745
355
50
329
744
792
851
133
-11
-208
781
-421
513
207
592
73
-254
301
-46
-820
-475
-933
998
179
-689
-647
344
-590
895
173
-338
-964
9
896
323
-760
-9
-532
-207
302
879
-244
-142
97
-906
432
340
328
916
855
639
-300
346
506
893
-317
-376
462
80
993
297
-54
-571
-485
981
-932
836
281
903
273
-703
667
-314
293
-895
900
141
543
362
617
807
880
362
811
934
-65
410
374
907
78
768
759
281
445
-786
584
878
-64
744
-458
514
344
-36
548
-453
771
-485
-458
-789
-106
-474
-898
-258
987
-887
574
8
128
333
-266
-130
-184
-223
-298
485
724
143
215
644
-480
497
857
656
-887
-396
-245
-237
262
281
109
793
-683
266
72
125
812
704
685
483
-938
-896
-728
-297
776
-243
881
-915
-675
-830
788
968
625
-857
-161
-589
-829
967
-25
-627
-983
161
-633
-4
162
394
-176
-576
-500
-474
-980
-399
872
870
-644
-625
378
813
601
605
530
-250
-509
676
-81
-151
-430
-298
579
-61
-454
-674
179
-810
434
-668
925
33
920
308
-816
221
834
413
248
234
-960
-326
399
-648
128
-549
368
696
-640
644
598
-718
361
-253
-695
37
950
328
227
543
731
8
202
-478
-814
-453
-557
636
919
356
650
-499
633
-126
-927
701
-297
-453
187
-300
-715
-170
-621
888
145
197
537
67
29
486
763
623
-116
-848
457
-633
-227
295
-327
196
-811
-516
992
-914
773
-984
366
775
688
639
434
-921
93
-220
-444
434
820
-905
236
217
-113
605
-354
143
-383
721
994
6
-79
417
-456
-388
814
374
-105
-954
101
-467
8
-509
-843
-325
133
16
350
-345
-77
-888
-888
-689
642
658
-954
280
441
-911
488
-199
957
16
-167
882
290
-130
310
-592
-888
639
357
488
584
105
47
66
-218
-292
-277
295
835
-362
-1
628
-263
230
634
-589
521
-4
455
-826
-829
294
-978
-230
-646
377
317
587
-92
57
-599
-703
-103
770
474
-844
633
-515
-944
-911
583
935
275
-542
372
-17
519
881
-464
260
-935
440
973
-652
949
-807
675
-162
941
942
-826
-826
-314
217
-712
291
989
59
717
365
66
10
-510
-507
-829
-644
64
-978
-704
706
-477
524
717
162
-54
-62
32
-179
-929
-880
962
-115
87
337
-911
-428
401
677
-184
-831
800
591
997
151
108
502
-488
160
479
771
-20
-740
680
409
-933
910
-430
572
221
890
-438
693
-110
541
-1
995
-833
-70
-32
214
-224
-384
-788
-515
-784
-825
454
792
836
439
666
844
-955
-595
-314
830
542
-205
117
424
-502
774
923
-372
-570
807
48
-670
344
-383
992
-42
98
166
653
-873
419
-402
802
-930
-574
788
-231
164
345
619
-593
354
79
-845
864
-561
-147
-930
-639
491
-336
941
834
-73
70
753
164
752
-682
917
625
-985
-639
596
-751
-124
366
-586
-307
-576
964
412
-201
-835
877
-190
-117
104
-608
-960
10
671
248
438
-213
-350
966
-180
-178
-750
-596
508
492
880
644
159
-512
228
124
336
199
-922
-523
-153
-815
-508
-877
317
-952
751
315
772
-934
361
66
-403
365
-334
-865
-858
926
697
-333
-220
979
-86
67
531
-597
-469
979
495
-471
-846
-246
-975
384
910
815
-116
-13
-103
-458
-879
873
-470
748
-275
999
920
-699
-763
-900
599
386
-920
-334
465
-480
-233
138
-41
432
-776
321
792
113
-811
346
959
-415
-538
407
-4
233
-90
-753
-199
-963
-431
149
-214
570
-453
590
711
-477
953
219
-394
-411
875
504
-702
-859
270
-264
906
-861
-764
-468
611
-112
276
-853
-16
351
947
874
-865
-219
-118
-727
359
-509
-366
-97
372
290
905
241
-784
-93
-39
-744
-521
-946
801
855
542
46
-573
-453
159
-362
446
-953
-817
-594
-966
-267
-815
236
670
-68
-98
622
165
-527
838
301
-661
783
375
-619
-54
91
-12
899
-795
-449
-666
-852
-580
349
-764
267
186
162
116
-125
591
-618
296
-982
471
587
752
-339
-999
-688
-515
-217
1000
-801
910
-636
-213
155
875
-77
-820
739
489
559
936
-960
-438
700
14
582
-511
-692
-6
-192
117
333
829
-756
55
-823
-263
-561
-157
-61
-255
-188
-111
-315
35
330
812
-891
60
1000
406
-489
-519
-76
-185
-667
233
-978
-476
-555
-273
-335
436
-779
441
-14
-405
-14
-755
857
-610
-871
307
183
-935
-318
-152
423
547
705
-42
264
-434
-844
-219
324
32
-809
779
-463
752
309
477
308
-658
-320
754
-134
-154
-580
-114
-633
-847
-22
952
923
704
218
891
-601
-309
39
830
648
475
-812
-78
515
-196
-620
-243
392
794
-375
-998
-250
-740
-324
-710
682
-120
747
378
-52
525
-607
-720
876
525
-511
-749
306
-316
102
705
228
262
918
622
-359
-923
-152
688
-300
-443
-685
160
265
-416
-426
-728
-480
-131
-186
999
463
-706
938
861
568
207
421
-968
-60
-333
260
504
-318
-500
943
-970
75
-562
-178
-740
-747
-564
666
701
634
-270
-893
557
-658
-932
909
88
-599
-905
-833
167
-639
202
117
464
-403
-390
431
-408
-34
-516
853
930
-181
759
-131
-623
-809
-961
229
933
33
755
600
588
-581
457
741
568
428
-672
117
-825
621
-303
-420
-139
-669
-470
66
790
399
541
689
-156
609
-93
-13
490
-860
973
-639
-919
-244
167
-514
49
-611
-465
657
-472
112
447
-636
-987
-739
-641
843
-504
178
841
265
-974
467
291
-321
-774
-670
648
488
740
274
-741
-119
57
-432
752
-84
251
675
-575
906
-342
777
-35
199
-966
625
992
-865
-21
-598
129
-457
536
-492
239
442
787
687
-769
560
-713
-533
-285
355
690
-550
297
520
-691
-93
-758
-942
964
-373
808
-223
-749
-226
341
280
814
-605
-780
379
767
-694
-310
-794
866
-397
983
453
-896
-876
-133
722
-765
966
-120
-331
669
810
-304
-891
496
-467
367
915
795
79
19
190
215
603
799
440
56
-524
208
863
330
-207
616
-356
-876
360
162
822
-204
834
-285
192
-375
-141
-273
-860
876
-865
-191
-82
-29
118
428
806
349
563
225
-836
-360
-691
122
242
-116
-560
678
76
-172
-308
308
786
-63
813
-808
-590
-866
57
87
180
-382
-787
-556
-687
-720
-528
-245
-635
-471
385
429
620
-703
-172
-821
642
-640
347
-212
874
-417
-199
27
-336
720
-650
-96
-983
558
106
-197
-266
-90
-542
895
867
-487
-650
739
-997
918
334
441
-347
-947
293
-271
27
-863
911
-824
384
218
304
-731
876
762
-257
-619
-982
408
-491
-157
-410
979
-758
-214
-985
341
240
494
-393
-274
-76
-52
791
-937
-680
-141
-723
786
975
-501
599
-987
-969
-681
843
-359
-13
393
306
-532
-772
-794
-479
42
-663
272
347
470
338
470
422
252
-161
-614
95
-823
672
-737
-863
817
942
770
878
398
142
304
651
510
872
40
-967
-807
450
-170
151
66
343
-54
-952
597
-2
-259
140
-605
-400
-560
-334
-745
875
122
-402
261
56
852
842
544
205
661
-22
-158
-228
410
397
417
433
-411
-855
6
-353
512
-868
182
-573
607
-505
245
-965
-56
663
438
774
-649
-324
515
901
-320
388
214
-585
-531
-488
620
-788
849
872
-63
-67
716
949
-563
452
122
-313
187
937
702
759
-59
308
-827
127
560
195
-190
164
-522
-164
-70
-194
-980
662
-504
-815
870
-407
624
-686
-744
699
642
843
-434
298
-726
-88
-79
-172
998
466
671
543
546
977
86
-621
-488
10
33
93
821
-246
132
492
-846
247
664
781
130
311
-588
179
-408
233
-139
-749
110
414
149
804
810
123
983
521
204
-573
-552
-844
-389
-476
-700
-860
-760
317
935
937
937
-948
47
334
-112
847
288
56
757
455
992
-600
-51
-603
-678
-234
-571
-867
984
667
166
-655
115
170
-709
-37
-852
639
-979
-258
856
-509
-848
-266
-505
-862
143
-864
-301
275
-509
193
-768
-954
288