0
2
-498
25
26
538
-996
-486
-994
-483
-482
553
555
561
-462
-460
569
571
-446
580
71
-440
595
94
606
-414
-925
-924
-413
111
629
-901
637
-387
-381
659
-365
-358
157
673
-856
-854
172
684
-849
-332
-840
185
698
189
-834
-832
200
206
210
211
727
-295
732
734
737
-797
-281
-792
746
-278
-783
243
246
-777
760
765
-771
259
-761
-248
-754
784
-240
789
-235
-738
-733
-730
-216
-721
-716
312
-708
-193
-189
325
837
839
332
846
-684
854
-166
-165
-665
364
-148
884
373
-651
376
387
389
-632
914
-622
-109
-617
416
-95
939
-584
-583
458
459
-49
-558
980
472
-8
478
-545
-33
996
-24
493
499
-520
509
