1
3
4
5
6
8
10
11
12
14
15
16
17
18
19
20
21
22
23
24
27
29
30
31
32
33
36
37
38
39
40
41
42
43
44
45
46
47
48
49
50
51
52
54
55
56
57
58
59
60
61
62
63
64
65
66
67
68
69
70
72
73
74
75
76
77
78
79
80
81
82
83
84
85
86
87
88
89
90
91
92
95
96
97
98
99
100
101
102
103
104
105
106
107
108
109
110
112
113
114
115
117
118
119
120
121
122
123
125
126
127
128
129
130
131
132
133
134
135
136
137
138
139
140
141
142
143
144
145
146
147
148
149
150
151
152
153
154
155
156
158
160
161
162
163
164
165
166
167
168
169
170
171
173
175
176
178
179
180
181
182
183
184
186
187
188
190
191
193
194
195
196
197
198
199
201
202
203
204
205
207
208
209
212
213
214
215
216
217
219
220
221
222
223
224
225
226
227
228
229
230
231
232
233
234
235
236
237
238
239
240
241
244
245
247
248
249
250
251
252
253
254
255
256
257
258
260
261
262
263
264
265
266
267
269
270
271
272
273
274
275
277
278
279
280
281
282
283
284
285
286
288
289
290
291
292
293
294
295
296
297
298
299
300
301
302
303
304
305
306
310
311
313
315
316
317
318
319
320
321
322
323
324
326
328
329
330
331
333
334
335
336
337
338
339
340
341
342
343
344
345
346
347
348
349
350
351
352
353
354
355
356
357
358
359
361
362
363
365
366
367
368
369
370
371
374
375
377
379
380
381
382
383
384
385
386
388
390
391
392
393
394
395
396
397
398
399
400
401
402
403
404
405
406
407
408
409
412
414
415
417
418
419
420
421
422
423
425
426
427
428
429
430
431
432
433
434
435
436
437
438
439
440
441
442
443
444
445
446
447
448
449
450
452
453
454
455
456
457
460
462
464
465
466
467
468
469
470
471
473
474
475
476
477
479
480
481
482
483
484
485
486
487
488
489
490
491
492
495
496
497
498
500
501
502
503
504
505
506
507
508
510
512
513
515
516
517
518
519
520
521
522
523
524
525
526
529
530
531
533
534
535
536
537
539
540
541
542
543
544
545
547
548
549
550
551
552
554
556
557
558
559
560
562
563
564
565
566
567
568
570
572
573
574
575
577
578
579
581
582
583
585
586
587
588
589
590
591
592
593
594
596
597
598
599
600
601
602
603
604
605
607
608
609
611
612
613
614
615
616
617
618
619
620
621
622
623
624
625
626
628
630
631
632
633
634
636
638
639
640
641
642
643
644
646
647
648
649
650
651
652
653
654
655
656
657
658
660
661
663
664
665
666
667
668
669
670
671
672
674
676
677
678
679
680
681
682
683
686
687
688
689
690
691
692
693
694
695
696
697
699
700
701
702
703
704
706
707
708
709
710
711
712
713
714
715
717
718
719
720
721
722
723
724
725
728
729
730
731
733
735
738
740
741
742
743
744
745
747
749
751
752
753
754
755
756
757
758
759
761
762
763
764
766
767
768
769
770
771
772
773
774
775
776
777
778
779
780
781
782
783
785
786
787
788
790
791
792
793
794
795
796
797
799
800
801
802
803
804
805
807
808
809
810
811
812
813
814
816
817
818
819
820
821
822
823
825
826
827
829
830
831
833
834
835
836
840
841
842
844
847
848
849
850
851
852
853
855
856
857
858
859
860
861
862
863
864
866
867
868
869
870
871
872
873
874
875
876
877
878
879
880
881
882
883
885
886
887
888
889
890
891
892
893
894
895
897
898
899
900
901
902
903
905
906
907
908
909
910
911
913
915
916
917
918
919
920
923
924
925
926
927
928
929
930
931
932
933
934
935
936
937
938
940
941
942
943
944
945
947
949
950
951
952
953
954
955
956
958
959
960
961
962
963
964
966
967
968
969
970
971
972
973
974
975
976
977
978
982
983
984
985
986
987
988
989
990
991
992
993
994
995
997
999
1000
-999
-998
-997
-995
-993
-992
-991
-990
-989
-988
-986
-985
-984
-983
-982
-981
-980
-979
-978
-977
-976
-974
-973
-972
-971
-970
-969
-968
-967
-966
-965
-963
-961
-960
-959
-958
-956
-955
-954
-953
-952
-951
-950
-949
-948
-947
-946
-945
-944
-943
-942
-941
-940
-939
-938
-937
-936
-935
-934
-933
-932
-930
-929
-928
-927
-926
-923
-922
-920
-919
-918
-917
-916
-914
-913
-912
-910
-909
-908
-907
-906
-905
-904
-903
-902
-900
-899
-898
-897
-896
-895
-894
-893
-892
-891
-888
-887
-886
-885
-884
-883
-882
-881
-880
-879
-878
-877
-876
-875
-874
-873
-872
-871
-870
-869
-867
-866
-864
-863
-862
-861
-859
-858
-857
-855
-853
-852
-850
-848
-847
-846
-845
-844
-843
-842
-841
-839
-838
-837
-836
-835
-833
-831
-830
-829
-828
-827
-826
-825
-824
-823
-822
-821
-820
-819
-818
-817
-816
-814
-812
-811
-810
-809
-808
-805
-804
-803
-802
-801
-800
-799
-798
-796
-794
-793
-790
-789
-787
-786
-785
-784
-782
-781
-780
-779
-778
-776
-775
-773
-772
-770
-769
-768
-767
-766
-765
-764
-763
-762
-760
-759
-758
-757
-756
-755
-753
-752
-751
-749
-748
-747
-746
-745
-744
-743
-742
-740
-739
-737
-736
-735
-734
-732
-731
-729
-728
-726
-725
-724
-723
-722
-720
-719
-718
-717
-715
-714
-713
-711
-710
-709
-707
-706
-705
-704
-703
-702
-701
-700
-699
-698
-697
-695
-694
-693
-692
-691
-690
-689
-688
-687
-686
-685
-683
-682
-681
-680
-678
-677
-676
-675
-674
-673
-672
-671
-670
-669
-668
-667
-664
-663
-660
-659
-658
-657
-656
-655
-654
-653
-652
-650
-649
-648
-647
-646
-645
-644
-643
-642
-639
-637
-635
-634
-633
-630
-629
-628
-627
-626
-625
-624
-623
-621
-619
-616
-615
-614
-613
-612
-611
-610
-609
-608
-607
-606
-605
-604
-603
-602
-601
-600
-599
-598
-596
-595
-594
-593
-592
-591
-590
-588
-587
-586
-585
-582
-580
-579
-578
-577
-576
-575
-574
-573
-572
-571
-570
-569
-567
-566
-565
-564
-563
-562
-561
-560
-557
-556
-555
-554
-553
-552
-551
-550
-549
-547
-546
-544
-542
-541
-540
-537
-536
-535
-534
-533
-532
-531
-530
-529
-528
-527
-526
-525
-524
-522
-521
-519
-518
-517
-516
-514
-513
-512
-511
-510
-509
-508
-506
-505
-504
-503
-502
-501
-500
-499
-497
-496
-495
-494
-493
-492
-491
-490
-489
-488
-484
-481
-480
-479
-478
-477
-476
-475
-473
-472
-471
-470
-469
-468
-467
-466
-465
-464
-463
-461
-459
-458
-457
-456
-455
-454
-453
-452
-451
-450
-449
-448
-447
-445
-444
-442
-441
-439
-438
-437
-436
-435
-434
-433
-432
-431
-430
-428
-427
-425
-424
-423
-422
-421
-420
-419
-418
-417
-416
-415
-411
-410
-409
-408
-406
-405
-404
-403
-402
-400
-399
-398
-397
-396
-394
-393
-392
-391
-390
-389
-388
-386
-385
-384
-383
-382
-380
-379
-378
-377
-376
-375
-374
-373
-372
-371
-370
-368
-367
-366
-364
-363
-362
-361
-360
-359
-357
-356
-355
-352
-351
-350
-349
-348
-347
-346
-345
-344
-343
-342
-341
-340
-339
-338
-337
-336
-335
-334
-333
-331
-330
-329
-328
-327
-326
-325
-324
-323
-322
-321
-320
-319
-318
-317
-316
-315
-314
-313
-312
-310
-309
-308
-307
-306
-305
-303
-302
-301
-299
-297
-296
-294
-293
-292
-291
-290
-288
-286
-284
-283
-282
-280
-279
-277
-276
-275
-274
-273
-272
-271
-270
-268
-267
-266
-265
-264
-263
-262
-260
-259
-258
-257
-256
-254
-253
-252
-251
-250
-246
-245
-244
-243
-242
-241
-239
-238
-237
-236
-234
-233
-231
-230
-229
-227
-226
-225
-224
-223
-222
-221
-220
-219
-218
-217
-215
-214
-213
-212
-211
-210
-209
-208
-206
-205
-204
-203
-202
-201
-200
-199
-198
-197
-196
-195
-194
-192
-191
-190
-188
-187
-186
-185
-184
-183
-182
-181
-180
-179
-178
-177
-176
-174
-173
-172
-171
-170
-169
-168
-167
-164
-163
-161
-159
-158
-157
-156
-155
-154
-153
-152
-151
-150
-147
-146
-145
-144
-143
-142
-141
-140
-139
-138
-136
-135
-134
-133
-132
-131
-130
-129
-128
-127
-126
-125
-124
-123
-122
-121
-120
-119
-118
-117
-116
-115
-114
-113
-112
-111
-110
-106
-105
-104
-103
-102
-101
-100
-99
-98
-97
-96
-94
-93
-92
-91
-90
-89
-88
-87
-85
-84
-83
-82
-81
-80
-79
-78
-77
-76
-74
-73
-72
-71
-70
-69
-67
-66
-64
-63
-62
-61
-60
-59
-58
-57
-55
-54
-53
-52
-51
-50
-48
-47
-46
-45
-44
-43
-42
-41
-40
-39
-38
-37
-36
-35
-34
-32
-31
-30
-29
-28
-27
-26
-25
-23
-22
-21
-20
-18
-17
-16
-15
-14
-13
-12
-11
-9
-6
-4
-3
-1
